3874.583
3770.455
3782.169
3362.904
2977.847
2673.702
2845.206
2708.343
2997.73
2798.382
3518.987
3953.64
4408.205
4364.161
3855.826
3740.725
3381.95
3085.177
2975.546
2880.527
2849.137
2953.709
3317.064
3914.487
3950.545
4078.139
4088.356
3871.388
3362.33
3085.311
2918.893
2830.149
2887.29
2983.116
3335.584
3759.626
4619.32
3941.093
3853.245
3374.16
3077.508
2936.622
2855.365
2908.78
2895.5
2814.137
3089.017
3570.474
4273.854
4360.508
3899.554
3433.425
3054.784
2929.59
2969.651
2750.975
2817.695
2839.879
3170.536
3882.83
4730.584
4272.359
4166.64
3918.023
3336.472
3029.231
2835.506
2716.057
2840.252
2956.638
3178.563
3830.011
4010.85
3757.988
3221.701
2944.9
2832.224
2846.28
2511.565
2584.504
2490.938
2616.04
3106.294
3776.904
4030.425
3879.367
3722.004
3615.117
3058.765
2798.716
2618.087
2639.631
2555.904
2602.961
2817.797
3320.382
3993.821
3808.26
4027.386
3522.324
2967.337
2799.359
2286.267
2263.521
